!__MAGICC 6.X TEMPORARY BULKPARASET NAMELIST FILE__
&NML_ALLCFGS 
 FILE_TUNINGMODEL = "C4MIP_CCSM1" ,
 FILE_TUNINGMODEL_2 = "DRAWNSET_CDF_Frame2006UniTCR_600_OF_600" ,
 FILE_EMISSIONSCENARIO = "RCP85" ,
 FILE_SOLAR_RF = "HISTRCP2009_SOLAR_RF.IN" ,
 PF_APPLY =   0.000000000000000E+000  ,
 PF_NBANDS =    50.0000000000000       ,
 PF_MELTINGTEMP_MAX =    8.60258941000000       ,
 PF_MELTINGTEMP_MIN =   0.000000000000000E+000  ,
 PF_MS_THAWFREEZE_PERCPERK_RATE =   5.309523560000000E-003  ,
 PF_PEAT_THAWFREEZE_PERCPERK_RATE =   3.524596960000000E-003  ,
 PF_ARCTIC_AMPLIFICATION =    1.54866655000000       ,
 PF_TSOILANNUALCYCLE_AMPL =    5.69952184000000       ,
 PF_MS_AEROB_DECOMP_TURNOVERTIME =    50.7982166000000       ,
 PF_Q10_MS_AEROB_ALPHA =    406.415206000000       ,
 PF_Q10_MS_ANAEROB_ALPHA =    486.104965000000       ,
 PF_Q10_PEAT_AEROB_ALPHA =    269.523413000000       ,
 PF_Q10_PEAT_ANAEROB_ALPHA =    601.541493000000       ,
 PF_Q10_TEMP1 =    56.0200000000000       ,
 PF_Q10_TEMP2 =    46.0200000000000       ,
 PF_SOILWATER_M =   4.285677390000000E-002  ,
 PF_SOILWATER_OFFSET =   2.136559340000000E-002  ,
 PF_SOILWATER_MINW =   2.015459010000000E-002  ,
 PF_DECOMPRATE_PEAT_OVER_MS_RATIO =   0.514441175000000       ,
 PF_DECOMPRATE_ANAEROB_OVER_AEROB_RATIO =   4.559991400000000E-002  ,
 PF_MS_ANAEROB_INITIAL_AREAFRACTION =   1.265008650000000E-002  ,
 PF_MS_ANAEROB_MAX_AREAFRACTION =   0.202298568000000       ,
 PF_MS_ANAEROB_MOISTSENS =   0.000000000000000E+000  ,
 PF_PEAT_ANAEROB_INITIAL_AREAFRACTION =   0.722162302000000       ,
 PF_PEAT_ANAEROB_MAX_AREAFRACTION =   0.900000000000000       ,
 PF_PEAT_ANAEROB_MOISTSENS =   0.000000000000000E+000  ,
 PF_CH4OXIDISATION_FRACTION =   0.172430600000000       ,
 PF_TOT_POOL =    986.648791000000       ,
 PF_MINSOIL_SOUTHERN_POOLFRACTION =   0.887927408000000       ,
 PF_MINSOIL_NORTHERN_POOLFRACTION =   0.866182383000000       ,
 PF_ZONAL_POOLDISTR =  -0.171610509000000       ,
 RF_TOTAL_CONSTANTAFTERYR =    10000.0000000000       ,
 RF_TROPOZ_CONSTANTAFTERYR =    10000.0000000000       ,
 RF_STRATOZ_CONSTANTAFTERYR =    10000.0000000000       ,
 FILE_MHALO_EMIS = "RCPODS_WMO2006_Emissions_RCP85.prn" ,
 / 
